12,4
4294967293,131
4294967293,130
4294967293,129
4294967293,128
4294967293,127
4294967293,126
4294967293,125
4294967293,124
4294967293,123
4294967293,122
4294967293,121
4294967293,120
4294967293,119
4294967293,118
4294967293,117
4294967293,116
4294967293,115
4294967293,114
4294967293,113
4294967293,112
4294967293,111
4294967293,110
4294967293,109
4294967293,108
4294967293,107
4294967293,106
4294967293,105
4294967293,104
4294967293,103
4294967293,102
4294967293,101
4294967293,100
4294967293,99
4294967293,98
4294967293,97
4294967293,96
4294967293,95
4294967293,94
4294967293,93
4294967293,92
4294967293,91
4294967293,90
4294967293,89
4294967293,87
4294967293,86
4294967293,85
4294967293,84
4294967293,83
4294967293,82
4294967293,81
4294967293,80
4294967293,79
4294967293,78
4294967293,77
4294967293,76
4294967293,75
4294967293,74
4294967293,73
4294967293,72
4294967293,71
4294967293,70
4294967293,69
4294967293,68
4294967293,67
4294967293,66
4294967293,65
4294967293,64
4294967293,63
4294967293,62
4294967293,61
4294967293,60
4294967293,59
4294967293,58
4294967293,57
4294967293,56
4294967293,55
4294967293,54
4294967293,53
4294967293,52
4294967293,51
4294967293,50
4294967293,49
4294967293,48
4294967293,47
4294967293,46
4294967293,45
4294967293,44
4294967293,43
4294967293,42
4294967293,41
4294967293,40
4294967293,39
4294967293,38
4294967293,37
4294967293,36
4294967293,35
4294967293,34
4294967293,33
4294967293,32
4294967293,31
4294967293,30
4294967293,29
4294967293,28
4294967293,27
4294967293,26
4294967293,25
4294967293,24
4294967293,23
4294967293,22
4294967293,21
4294967293,20
4294967293,19
4294967293,18
4294967293,17
4294967293,16
4294967293,15
4294967293,14
4294967293,13
4294967293,12
4294967293,11
4294967293,10
4294967293,9
4294967293,8
4294967293,7
4294967293,6
4294967293,5
4294967293,4
4294967293,3
4294967278,130
4294967278,129
4294967278,128
4294967278,125
4294967278,124
4294967278,123
4294967278,119
4294967278,243
4294967278,117
4294967278,241
4294967278,116
4294967278,114
4294967278,231
4294967278,110
4294967278,229
4294967278,109
4294967278,348
4294967278,95
4294967278,534
4294967278,89
4294967278,87
4294967278,341
4294967278,347
4294967278,82
4294967278,78
4294967278,77
4294967278,76
4294967278,75
4294967278,74
4294967278,340
4294967278,73
4294967278,67
4294967278,512
4294967278,56
4294967278,51
4294967278,316
4294967278,350
4294967278,315
4294967278,47
4294967278,516
4294967278,46
4294967278,314
4294967278,45
4294967278,43
4294967278,304
4294967278,42
4294967278,41
4294967278,40
4294967278,311
4294967278,39
4294967278,301
4294967278,37
4294967278,36
4294967278,309
4294967278,35
4294967278,514
4294967278,33
4294967278,32
4294967278,295
4294967278,27
4294967278,283
4294967278,21
4294967278,16
4294967278,11
4294967278,542
4294967278,174
4294967278,88
4294967278,0
4294967278,260
4294967279,408
4294967279,2
4294967279,406
4294967279,95
4294967279,83
4294967279,401
4294967279,82
4294967279,81
4294967279,80
4294967279,78
4294967279,77
4294967279,75
4294967279,74
4294967279,73
4294967279,72
4294967279,71
4294967279,70
4294967279,405
4294967279,312
4294967279,52
4294967279,349
4294967279,403
4294967279,331
4294967279,47
4294967279,46
4294967279,44
4294967279,43
4294967279,42
4294967279,41
4294967279,411
4294967279,299
4294967279,40
4294967279,39
4294967279,297
4294967279,37
4294967279,36
4294967279,305
4294967279,34
4294967279,33
4294967279,296
4294967279,32
4294967279,31
4294967279,294
4294967279,30
4294967279,29
4294967279,304
4294967279,28
4294967279,292
4294967279,27
4294967279,26
4294967279,291
4294967279,25
4294967279,0
4294967279,260
4294967279,24
4294967279,23
4294967279,134
4294967279,22
4294967279,21
4294967279,270
4294967279,20
4294967279,19
4294967279,18
4294967279,402
4294967279,17
4294967279,16
4294967279,302
4294967279,15
4294967279,14
4294967279,13
4294967279,88
4294967279,282
4294967279,12
4294967279,11
4294967279,10
4294967279,9
4294967279,8
4294967279,276
4294967279,7
4294967279,6
4294967279,5
5,4
4294967294,5
4294967294,17
4294967294,42
4294967294,76
4294967294,41
4294967294,43
4294967294,201
4294967294,67
4294967294,1565
4294967294,1564
4294967294,1562
4294967294,1561
4294967294,1432
4294967294,1106
4294967294,2057
4294967294,1436
4294967294,82
4294967294,212
4294967294,99
4294967278,346
4294967279,404
4294967279,409
4294967279,301
4294967278,322
4294967279,337
4294967294,46
4294967294,2058
4294967294,689
4294967294,1080
4294967294,1419
4294967294,1429
4294967294,1416
4294967294,27
4294967294,189
4294967294,2
4294967294,92
4294967294,91
4294967294,90
4294967294,88
4294967294,87
4294967294,86
4294967294,85
4294967294,84
4294967294,83
4294967294,107
4294967294,936
4294967294,934
4294967294,931
4294967294,929
4294967294,667
4294967294,926
4294967294,924
4294967294,921
4294967294,919
4294967294,918
4294967294,917
4294967294,915
4294967294,910
4294967294,908
4294967294,907
4294967294,903
4294967294,901
4294967294,896
4294967294,895
4294967294,893
4294967294,1049
4294967294,892
4294967294,890
4294967294,663
4294967294,884
4294967294,879
4294967294,877
4294967294,876
4294967294,874
4294967294,873
4294967294,930
4294967294,869
4294967294,868
4294967294,867
4294967294,866
4294967294,864
4294967294,28
4294967294,29
4294967294,863
4294967294,25
4294967294,858
4294967294,2056
4294967294,26
4294967294,853
4294967294,660
4294967294,850
4294967294,846
4294967294,1
4294967294,844
4294967294,843
4294967294,842
4294967294,840
4294967294,839
4294967294,838
4294967294,837
4294967294,836
4294967294,835
4294967294,834
4294967294,832
4294967294,831
4294967294,830
4294967294,829
4294967294,825
4294967294,823
4294967294,822
4294967294,821
4294967294,820
4294967294,819
4294967294,818
4294967294,817
4294967294,816
4294967294,813
4294967294,812
4294967294,810
4294967294,809
4294967294,808
4294967294,807
4294967294,803
4294967294,802
4294967294,1075
4294967294,800
4294967294,799
4294967294,798
4294967294,793
4294967294,792
4294967294,791
4294967294,787
4294967294,1439
4294967294,786
4294967294,785
4294967294,784
4294967294,665
4294967294,782
4294967294,780
4294967294,778
4294967294,775
4294967294,773
4294967294,771
4294967294,653
4294967294,770
4294967294,768
4294967294,767
4294967294,765
4294967294,764
4294967294,761
4294967294,760
4294967294,756
4294967294,755
4294967294,753
4294967294,752
4294967294,749
4294967294,1095
4294967294,748
4294967294,747
4294967294,1560
4294967294,744
4294967294,742
4294967294,740
4294967294,648
4294967294,739
4294967294,738
4294967294,737
4294967294,736
4294967294,735
4294967294,734
4294967294,733
4294967294,731
4294967294,1104
4294967294,728
4294967294,727
4294967294,724
4294967294,720
4294967294,719
4294967294,1131
4294967294,714
4294967294,713
4294967294,712
4294967294,643
4294967294,706
4294967294,646
4294967294,705
4294967294,639
4294967294,637
4294967294,634
4294967294,632
4294967294,645
4294967294,631
4294967294,1558
4294967294,629
4294967294,628
4294967294,627
4294967294,125
4294967294,622
4294967294,619
4294967294,618
4294967294,617
4294967294,612
4294967294,611
4294967294,1098
4294967294,608
1,3
1,0
4294967294,606
4294967294,1129
4294967294,602
4294967294,600
4294967294,1556
4294967294,598
4294967294,595
4294967294,592
4294967294,590
4294967294,1435
4294967294,588
4294967294,1137
4294967294,1133
4294967294,585
4294967294,584
4294967294,1440
4294967294,582
4294967294,1555
4294967294,578
4294967294,570
4294967294,566
4294967294,565
4294967294,564
4294967294,563
4294967294,1554
4294967294,558
4294967294,573
4294967294,556
4294967294,512
4294967294,555
4294967294,666
4294967294,553
4294967294,552
4294967294,562
4294967294,1553
4294967294,548
4294967294,654
4294967294,640
4294967294,561
4294967294,652
4294967294,546
4294967294,545
4294967294,544
4294967294,651
4294967294,642
4294967294,1142
4294967294,644
4294967294,542
4294967294,541
4294967294,540
4294967294,539
4294967294,662
4294967294,538
4294967294,658
4294967294,649
4294967294,641
4294967294,661
4294967294,572
4294967294,537
4294967294,650
4294967294,814
4294967294,574
4294967294,70
4294967294,656
4294967294,72
4294967294,811
4294967294,647
4294967294,71
4294967294,1552
4294967294,1414
4294967294,1615
4294967294,1417
4294967294,1617
4294967294,1128
4294967278,533
4294967278,525
4294967278,529
4294967278,524
4294967278,317
4294967278,337
4294967279,399
4294967278,338
4294967279,342
4294967294,1551
4294967294,691
4294967294,1550
4294967294,2051
4294967294,1549
4294967294,1548
4294967294,1547
4294967294,1546
4294967294,396
4294967294,2050
4294967294,1545
4294967294,1544
4294967294,1543
4294967294,1542
4294967294,1611
4294967294,1468
4294967294,1606
4294967294,1424
4294967294,442
4294967294,1123
4294967294,1600
4294967294,455
4294967294,211
4294967294,1470
4294967294,1457
4294967294,1464
4294967294,1455
4294967294,454
4294967294,1441
4294967294,427
4294967294,2053
4294967294,2048
4294967294,535
4294967294,1076
4294967294,424
4294967294,1616
4294967294,392
4294967294,1463
4294967294,1454
4294967294,1074
4294967294,1452
4294967294,1663
4294967294,441
4294967294,1415
4294967294,1618
4294967294,1613
4294967294,1610
4294967294,7
4294967294,6
4294967294,536
4294967294,1469
4294967294,1462
4294967294,513
4294967294,1453
4294967294,1447
4294967294,8
4294967294,9
4294967294,3
4294967294,203
4294967294,202
4294967294,200
4294967294,461
4294967294,199
4294967294,370
4294967294,369
4294967294,368
4294967294,367
4294967294,366
4294967294,364
4294967294,365
4294967294,363
4294967294,362
4294967294,361
4294967294,360
4294967294,359
4294967294,358
4294967294,357
4294967294,356
4294967294,355
4294967294,354
4294967294,0
4294967278,303
4294967279,300
4294967278,310
4294967279,317
4294967279,138
4294967279,285
4294967279,278
4294967278,247
4294967278,335
4294967279,398
4294967279,397
4294967279,396
4294967278,334
